fecha	objective	metric	first_metric_only	boost_from_average	feature_pre_filter	verbosity	max_depth	min_gain_to_split	lambda_l1	lambda_l2	max_bin	num_iterations	force_row_wise	seed	learning_rate	feature_fraction	min_data_in_leaf	num_leaves	envios	ganancia	iteracion
20221015 032924	binary	custom	TRUE	TRUE	FALSE	-100	-1	0	0	0	31	40	TRUE	273107	0.142476255418849	0.317750079082325	1945	262	13358	24170000	1
20221015 033000	binary	custom	TRUE	TRUE	FALSE	-100	-1	0	0	0	31	41	TRUE	273107	0.206362413123774	0.448550727367401	2885	653	10536	25570000	2
20221015 033049	binary	custom	TRUE	TRUE	FALSE	-100	-1	0	0	0	31	25	TRUE	273107	0.17248655334377	0.818160640420392	4869	440	13641	24160000	3
20221015 033253	binary	custom	TRUE	TRUE	FALSE	-100	-1	0	0	0	31	346	TRUE	273107	0.0211240646153456	0.97559691125527	4086	547	8082	26560000	4
20221015 033706	binary	custom	TRUE	TRUE	FALSE	-100	-1	0	0	0	31	356	TRUE	273107	0.0136938532690401	0.503581146085635	1379	615	11383	26920000	5
20221015 033815	binary	custom	TRUE	TRUE	FALSE	-100	-1	0	0	0	31	145	TRUE	273107	0.214533003222197	0.527983010681346	903	305	8771	24620000	6
20221015 033841	binary	custom	TRUE	TRUE	FALSE	-100	-1	0	0	0	31	39	TRUE	273107	0.12064580565918	0.624065589839593	3573	366	6732	25180000	7
20221015 033905	binary	custom	TRUE	TRUE	FALSE	-100	-1	0	0	0	31	71	TRUE	273107	0.15276772803854	0.900564268222079	6757	158	5745	25150000	8
20221015 033936	binary	custom	TRUE	TRUE	FALSE	-100	-1	0	0	0	31	65	TRUE	273107	0.13628625518945	0.250774950264022	4401	725	9908	25870000	9
20221015 033957	binary	custom	TRUE	TRUE	FALSE	-100	-1	0	0	0	31	25	TRUE	273107	0.196550773478346	0.95685033663176	2544	482	10325	25830000	10
20221015 034018	binary	custom	TRUE	TRUE	FALSE	-100	-1	0	0	0	31	60	TRUE	273107	0.270862956738332	0.674412325844169	5830	699	5429	24030000	11
20221015 034119	binary	custom	TRUE	TRUE	FALSE	-100	-1	0	0	0	31	32	TRUE	273107	0.0777844321966986	0.771895386688411	381	965	11725	25110000	12
20221015 034223	binary	custom	TRUE	TRUE	FALSE	-100	-1	0	0	0	31	151	TRUE	273107	0.0540181293907808	0.378126389486715	3683	418	12744	25720000	13
20221015 034316	binary	custom	TRUE	TRUE	FALSE	-100	-1	0	0	0	31	166	TRUE	273107	0.0452569217823911	0.843279419522733	5237	798	14967	23350000	14
20221015 034342	binary	custom	TRUE	TRUE	FALSE	-100	-1	0	0	0	31	38	TRUE	273107	0.296854883372027	0.569308044202626	6256	29	14350	24100000	15
20221015 034417	binary	custom	TRUE	TRUE	FALSE	-100	-1	0	0	0	31	71	TRUE	273107	0.262418942265969	0.345491285817698	2151	831	7867	24190000	16
20221015 034504	binary	custom	TRUE	TRUE	FALSE	-100	-1	0	0	0	31	125	TRUE	273107	0.104209943361522	0.406572702107951	7566	987	6193	25700000	17
20221015 034537	binary	custom	TRUE	TRUE	FALSE	-100	-1	0	0	0	31	109	TRUE	273107	0.226666450422897	0.234113094275817	7651	105	7417	25810000	18
20221015 034641	binary	custom	TRUE	TRUE	FALSE	-100	-1	0	0	0	31	94	TRUE	273107	0.0838574349473347	0.746913334382698	615	197	9421	25880000	19
20221015 034658	binary	custom	TRUE	TRUE	FALSE	-100	-1	0	0	0	31	28	TRUE	273107	0.246153307676432	0.692100081518292	6812	918	12040	25520000	20
20221015 035730	binary	custom	TRUE	TRUE	FALSE	-100	-1	0	0	0	31	1897	TRUE	273107	0.00502465303687168	0.588241702263914	4219	483	10643	26560000	21
20221015 040637	binary	custom	TRUE	TRUE	FALSE	-100	-1	0	0	0	31	1048	TRUE	273107	0.00566824125777289	0.208047024113784	925	342	11407	27030000	22
20221015 041304	binary	custom	TRUE	TRUE	FALSE	-100	-1	0	0	0	31	1001	TRUE	273107	0.00506049053181638	0.200758466880711	1978	592	11408	26310000	23
20221015 041640	binary	custom	TRUE	TRUE	FALSE	-100	-1	0	0	0	31	162	TRUE	273107	0.0160058089311414	0.502734740901854	20	324	11357	26890000	24
20221015 042430	binary	custom	TRUE	TRUE	FALSE	-100	-1	0	0	0	31	828	TRUE	273107	0.00533660628168138	0.611221140042926	993	155	10911	26740000	25
20221015 043212	binary	custom	TRUE	TRUE	FALSE	-100	-1	0	0	0	31	694	TRUE	273107	0.00564799555404558	0.375257114549947	726	362	11301	26440000	26
20221015 043539	binary	custom	TRUE	TRUE	FALSE	-100	-1	0	0	0	31	322	TRUE	273107	0.00649792156615086	0.20193467175696	10	50	11081	26160000	27
20221015 044220	binary	custom	TRUE	TRUE	FALSE	-100	-1	0	0	0	31	565	TRUE	273107	0.0234659676495171	0.541078327347443	0	563	10155	25770000	28
20221015 044721	binary	custom	TRUE	TRUE	FALSE	-100	-1	0	0	0	31	523	TRUE	273107	0.00761944696619285	0.56860556624166	3662	420	11495	25890000	29
20221015 044943	binary	custom	TRUE	TRUE	FALSE	-100	-1	0	0	0	31	266	TRUE	273107	0.0147620177310099	0.207749355336247	1279	307	11338	26690000	30
20221015 045135	binary	custom	TRUE	TRUE	FALSE	-100	-1	0	0	0	31	307	TRUE	273107	0.0187033496502782	0.943948754123564	3319	625	10884	26240000	31
20221015 045434	binary	custom	TRUE	TRUE	FALSE	-100	-1	0	0	0	31	114	TRUE	273107	0.0164986525882506	0.439193465873308	333	633	12204	25840000	32
20221015 050053	binary	custom	TRUE	TRUE	FALSE	-100	-1	0	0	0	31	550	TRUE	273107	0.00517143280751085	0.321620174295179	1099	526	13920	24560000	33
20221015 050509	binary	custom	TRUE	TRUE	FALSE	-100	-1	0	0	0	31	545	TRUE	273107	0.00988864126639648	0.21846352385506	787	332	10525	26950000	34
20221015 051117	binary	custom	TRUE	TRUE	FALSE	-100	-1	0	0	0	31	623	TRUE	273107	0.00949948019217634	0.498910441874242	2133	612	9570	27100000	35
20221015 051804	binary	custom	TRUE	TRUE	FALSE	-100	-1	0	0	0	31	1000	TRUE	273107	0.00848113755149665	0.487097015823299	3554	612	10462	26680000	36
20221015 051930	binary	custom	TRUE	TRUE	FALSE	-100	-1	0	0	0	31	128	TRUE	273107	0.0415577056022304	0.49045129663332	1362	612	9641	26640000	37
20221015 053046	binary	custom	TRUE	TRUE	FALSE	-100	-1	0	0	0	31	1491	TRUE	273107	0.00500129815586198	0.494204839608749	1598	300	10665	26910000	38
20221015 054706	binary	custom	TRUE	TRUE	FALSE	-100	-1	0	0	0	31	2503	TRUE	273107	0.00508340651442426	0.493847146522138	5404	619	9330	27340000	39
20221015 055512	binary	custom	TRUE	TRUE	FALSE	-100	-1	0	0	0	31	1311	TRUE	273107	0.00602820807727531	0.421245293975166	6668	516	9697	27010000	40
20221015 060355	binary	custom	TRUE	TRUE	FALSE	-100	-1	0	0	0	31	1494	TRUE	273107	0.00540671460959697	0.586030846062707	6257	780	9392	26900000	41
20221015 061551	binary	custom	TRUE	TRUE	FALSE	-100	-1	0	0	0	31	2057	TRUE	273107	0.0050428552367084	0.469580676817941	4982	945	9461	27320000	42
20221015 062325	binary	custom	TRUE	TRUE	FALSE	-100	-1	0	0	0	31	981	TRUE	273107	0.00522253372474272	0.442431982578724	4889	681	9218	26690000	43
20221015 062624	binary	custom	TRUE	TRUE	FALSE	-100	-1	0	0	0	31	325	TRUE	273107	0.0130944602390501	0.502044276264391	5575	1000	9903	26680000	44
20221015 063229	binary	custom	TRUE	TRUE	FALSE	-100	-1	0	0	0	31	668	TRUE	273107	0.00599380488935262	0.514770711884998	6925	598	9563	26560000	45
20221015 064055	binary	custom	TRUE	TRUE	FALSE	-100	-1	0	0	0	31	1485	TRUE	273107	0.00708486755935755	0.472438619281934	6112	607	8998	27210000	46
20221015 065057	binary	custom	TRUE	TRUE	FALSE	-100	-1	0	0	0	31	1516	TRUE	273107	0.00529563750578679	0.484240714276151	5038	693	8507	26670000	47
20221015 065844	binary	custom	TRUE	TRUE	FALSE	-100	-1	0	0	0	31	1132	TRUE	273107	0.00574337753806733	0.467213558671507	5731	627	10035	26970000	48
20221015 070724	binary	custom	TRUE	TRUE	FALSE	-100	-1	0	0	0	31	881	TRUE	273107	0.00516260060559645	0.216525166986879	398	654	12163	26160000	49
20221015 071723	binary	custom	TRUE	TRUE	FALSE	-100	-1	0	0	0	31	2644	TRUE	273107	0.0053060640546881	0.643873977510145	4245	920	9361	27280000	50
20221015 072502	binary	custom	TRUE	TRUE	FALSE	-100	-1	0	0	0	31	1367	TRUE	273107	0.0102955000797567	0.501880361504963	5563	510	9156	27290000	51
20221015 073510	binary	custom	TRUE	TRUE	FALSE	-100	-1	0	0	0	31	1346	TRUE	273107	0.00507999891738164	0.497829221640807	2615	997	9528	26870000	52
20221015 074257	binary	custom	TRUE	TRUE	FALSE	-100	-1	0	0	0	31	1879	TRUE	273107	0.00502759455614252	0.663406683406094	5232	537	9338	27090000	53
20221015 075046	binary	custom	TRUE	TRUE	FALSE	-100	-1	0	0	0	31	1140	TRUE	273107	0.00550778861789846	0.677140930431675	2502	628	9489	27430000	54
20221015 075726	binary	custom	TRUE	TRUE	FALSE	-100	-1	0	0	0	31	1157	TRUE	273107	0.00519315981878819	0.783341972257549	2943	630	9254	26700000	55
20221015 080632	binary	custom	TRUE	TRUE	FALSE	-100	-1	0	0	0	31	1952	TRUE	273107	0.00502181738882657	0.243504298773419	6564	406	9526	26710000	56
20221015 081634	binary	custom	TRUE	TRUE	FALSE	-100	-1	0	0	0	31	2065	TRUE	273107	0.00543366185802448	0.630555046295677	2266	625	9536	27170000	57
20221015 082447	binary	custom	TRUE	TRUE	FALSE	-100	-1	0	0	0	31	1310	TRUE	273107	0.00627328627182511	0.474987975438181	6124	172	9395	27210000	58
20221015 083158	binary	custom	TRUE	TRUE	FALSE	-100	-1	0	0	0	31	1282	TRUE	273107	0.00504921958689815	0.684970627880725	2691	259	9534	27020000	59
20221015 083315	binary	custom	TRUE	TRUE	FALSE	-100	-1	0	0	0	31	210	TRUE	273107	0.0811658005646183	0.471133204057399	6130	414	9414	26540000	60
20221015 084259	binary	custom	TRUE	TRUE	FALSE	-100	-1	0	0	0	31	1882	TRUE	273107	0.00514153258799424	0.337004767446708	6338	975	9320	26880000	61
20221015 085434	binary	custom	TRUE	TRUE	FALSE	-100	-1	0	0	0	31	2391	TRUE	273107	0.00500501147739294	0.348647147370234	7944	138	9301	26760000	62
20221015 090126	binary	custom	TRUE	TRUE	FALSE	-100	-1	0	0	0	31	954	TRUE	273107	0.00506943648175468	0.997645409919677	1999	842	7434	26740000	63
20221015 090854	binary	custom	TRUE	TRUE	FALSE	-100	-1	0	0	0	31	1230	TRUE	273107	0.00527900592516972	0.999511952089321	2027	88	8910	27300000	64
20221015 091555	binary	custom	TRUE	TRUE	FALSE	-100	-1	0	0	0	31	826	TRUE	273107	0.00525126773663462	0.999599309813199	1375	418	9298	26930000	65
20221015 092216	binary	custom	TRUE	TRUE	FALSE	-100	-1	0	0	0	31	981	TRUE	273107	0.00502838226625582	0.960679134084418	1902	42	7174	26140000	66
20221015 092751	binary	custom	TRUE	TRUE	FALSE	-100	-1	0	0	0	31	846	TRUE	273107	0.00565931561059009	0.999792829453697	2799	57	9565	26310000	67
20221015 093422	binary	custom	TRUE	TRUE	FALSE	-100	-1	0	0	0	31	960	TRUE	273107	0.00501617975364602	0.99896965458677	2312	1012	8905	26750000	68
20221015 094448	binary	custom	TRUE	TRUE	FALSE	-100	-1	0	0	0	31	2107	TRUE	273107	0.00504662378062295	0.321989307712269	6550	104	11767	26310000	69
20221015 094619	binary	custom	TRUE	TRUE	FALSE	-100	-1	0	0	0	31	213	TRUE	273107	0.026154106592858	0.690198052136158	3064	896	9258	26370000	70
