fecha	objective	metric	first_metric_only	boost_from_average	feature_pre_filter	verbosity	max_depth	min_gain_to_split	lambda_l1	lambda_l2	max_bin	num_iterations	force_row_wise	seed	learning_rate	feature_fraction	min_data_in_leaf	num_leaves	envios	ganancia	iteracion
20221014 183725	binary	custom	TRUE	TRUE	FALSE	-100	-1	0	0	0	31	118	TRUE	273107	0.142476255418849	0.317750079082325	1945	262	13358	9290000	1
20221014 183759	binary	custom	TRUE	TRUE	FALSE	-100	-1	0	0	0	31	56	TRUE	273107	0.206362413123774	0.448550727367401	2885	653	10536	13330000	2
20221014 183819	binary	custom	TRUE	TRUE	FALSE	-100	-1	0	0	0	31	48	TRUE	273107	0.17248655334377	0.818160640420392	4869	440	13641	8560000	3
20221014 183951	binary	custom	TRUE	TRUE	FALSE	-100	-1	0	0	0	31	296	TRUE	273107	0.0211240646153456	0.97559691125527	4086	547	8082	15920000	4
20221014 184243	binary	custom	TRUE	TRUE	FALSE	-100	-1	0	0	0	31	315	TRUE	273107	0.0136938532690401	0.503581146085635	1379	615	11383	12200000	5
20221014 184310	binary	custom	TRUE	TRUE	FALSE	-100	-1	0	0	0	31	22	TRUE	273107	0.214533003222197	0.527983010681346	903	305	8771	13740000	6
20221014 184335	binary	custom	TRUE	TRUE	FALSE	-100	-1	0	0	0	31	46	TRUE	273107	0.12064580565918	0.624065589839593	3573	366	6732	16620000	7
20221014 184355	binary	custom	TRUE	TRUE	FALSE	-100	-1	0	0	0	31	55	TRUE	273107	0.15276772803854	0.900564268222079	6757	158	5745	17150000	8
20221014 184422	binary	custom	TRUE	TRUE	FALSE	-100	-1	0	0	0	31	65	TRUE	273107	0.13628625518945	0.250774950264022	4401	725	9908	13790000	9
20221014 184440	binary	custom	TRUE	TRUE	FALSE	-100	-1	0	0	0	31	40	TRUE	273107	0.196550773478346	0.95685033663176	2544	482	10325	13270000	10
20221014 184453	binary	custom	TRUE	TRUE	FALSE	-100	-1	0	0	0	31	23	TRUE	273107	0.270862956738332	0.674412325844169	5830	699	5429	16830000	11
20221014 184634	binary	custom	TRUE	TRUE	FALSE	-100	-1	0	0	0	31	183	TRUE	273107	0.0777844321966986	0.771895386688411	381	965	11725	12230000	12
20221014 184741	binary	custom	TRUE	TRUE	FALSE	-100	-1	0	0	0	31	201	TRUE	273107	0.0540181293907808	0.378126389486715	3683	418	12744	9960000	13
20221014 184829	binary	custom	TRUE	TRUE	FALSE	-100	-1	0	0	0	31	179	TRUE	273107	0.0452569217823911	0.843279419522733	5237	798	14967	6710000	14
20221014 184850	binary	custom	TRUE	TRUE	FALSE	-100	-1	0	0	0	31	38	TRUE	273107	0.296854883372027	0.569308044202626	6256	29	14350	7620000	15
20221014 184910	binary	custom	TRUE	TRUE	FALSE	-100	-1	0	0	0	31	33	TRUE	273107	0.262418942265969	0.345491285817698	2151	831	7867	15150000	16
20221014 184943	binary	custom	TRUE	TRUE	FALSE	-100	-1	0	0	0	31	78	TRUE	273107	0.104209943361522	0.406572702107951	7566	987	6193	16900000	17
20221014 185008	binary	custom	TRUE	TRUE	FALSE	-100	-1	0	0	0	31	88	TRUE	273107	0.226666450422897	0.234113094275817	7651	105	7417	16210000	18
20221014 185048	binary	custom	TRUE	TRUE	FALSE	-100	-1	0	0	0	31	43	TRUE	273107	0.0838574349473347	0.746913334382698	615	197	9421	14600000	19
20221014 185104	binary	custom	TRUE	TRUE	FALSE	-100	-1	0	0	0	31	55	TRUE	273107	0.246153307676432	0.692100081518292	6812	918	12040	10560000	20
20221014 185217	binary	custom	TRUE	TRUE	FALSE	-100	-1	0	0	0	31	392	TRUE	273107	0.0345711100707408	0.682160055822609	7991	112	5690	17100000	21
20221014 185249	binary	custom	TRUE	TRUE	FALSE	-100	-1	0	0	0	31	173	TRUE	273107	0.106589200730917	0.794147785598986	7995	556	6189	17070000	22
20221014 185320	binary	custom	TRUE	TRUE	FALSE	-100	-1	0	0	0	31	78	TRUE	273107	0.169980846407156	0.264379102535025	7991	268	5197	17370000	23
20221014 185435	binary	custom	TRUE	TRUE	FALSE	-100	-1	0	0	0	31	324	TRUE	273107	0.0581144080005983	0.893514009228024	4325	675	5001	18160000	24
20221014 190656	binary	custom	TRUE	TRUE	FALSE	-100	-1	0	0	0	31	555	TRUE	273107	0.0125806703763379	0.999201702763889	80	974	5000	17680000	25
20221014 190744	binary	custom	TRUE	TRUE	FALSE	-100	-1	0	0	0	31	198	TRUE	273107	0.0753549437713821	0.988663196962412	3937	1020	5001	17440000	26
20221014 191200	binary	custom	TRUE	TRUE	FALSE	-100	-1	0	0	0	31	613	TRUE	273107	0.00530732992807639	0.968878255812339	2330	478	5000	18160000	27
20221014 191852	binary	custom	TRUE	TRUE	FALSE	-100	-1	0	0	0	31	1410	TRUE	273107	0.00672206950917572	0.821074264422789	2546	649	5000	18240000	28
20221014 191950	binary	custom	TRUE	TRUE	FALSE	-100	-1	0	0	0	31	72	TRUE	273107	0.0536920961983784	0.851224476009058	684	594	5000	17760000	29
20221014 192524	binary	custom	TRUE	TRUE	FALSE	-100	-1	0	0	0	31	1508	TRUE	273107	0.00516135967061524	0.918194208533479	4579	623	5003	17760000	30
20221014 192558	binary	custom	TRUE	TRUE	FALSE	-100	-1	0	0	0	31	73	TRUE	273107	0.0547753139028809	0.89616176148562	2671	702	5000	17920000	31
20221014 192656	binary	custom	TRUE	TRUE	FALSE	-100	-1	0	0	0	31	256	TRUE	273107	0.0458616572029304	0.771445942085775	4079	225	5000	18240000	32
20221014 192749	binary	custom	TRUE	TRUE	FALSE	-100	-1	0	0	0	31	188	TRUE	273107	0.0633235915765844	0.685039884458069	4351	516	5002	18320000	33
20221014 193739	binary	custom	TRUE	TRUE	FALSE	-100	-1	0	0	0	31	1248	TRUE	273107	0.0061385672847647	0.794902358440727	9	191	5011	17820000	34
20221014 193858	binary	custom	TRUE	TRUE	FALSE	-100	-1	0	0	0	31	336	TRUE	273107	0.0320231321208024	0.787653192851881	3873	497	5001	18240000	35
20221014 193955	binary	custom	TRUE	TRUE	FALSE	-100	-1	0	0	0	31	169	TRUE	273107	0.0714838801932687	0.433684578505037	4160	700	5000	17760000	36
20221014 194628	binary	custom	TRUE	TRUE	FALSE	-100	-1	0	0	0	31	1267	TRUE	273107	0.0050577662287915	0.784221096821081	1953	483	5005	18150000	37
20221014 194714	binary	custom	TRUE	TRUE	FALSE	-100	-1	0	0	0	31	203	TRUE	273107	0.0798156700683954	0.785152689784728	4287	536	5001	18240000	38
20221014 194742	binary	custom	TRUE	TRUE	FALSE	-100	-1	0	0	0	31	105	TRUE	273107	0.0772157815651674	0.650141625094449	6514	577	5001	17600000	39
20221014 194832	binary	custom	TRUE	TRUE	FALSE	-100	-1	0	0	0	31	165	TRUE	273107	0.0415682218613221	0.73527355537375	4293	70	5002	17760000	40
20221014 194919	binary	custom	TRUE	TRUE	FALSE	-100	-1	0	0	0	31	200	TRUE	273107	0.0555753624436211	0.794631084145519	4257	359	5000	17840000	41
20221014 195006	binary	custom	TRUE	TRUE	FALSE	-100	-1	0	0	0	31	184	TRUE	273107	0.0558594709234902	0.693816973357852	4015	646	5003	17840000	42
20221014 195058	binary	custom	TRUE	TRUE	FALSE	-100	-1	0	0	0	31	157	TRUE	273107	0.0647480458795399	0.389697983845359	4610	189	5001	17840000	43
20221014 195122	binary	custom	TRUE	TRUE	FALSE	-100	-1	0	0	0	31	72	TRUE	273107	0.235541655937622	0.201585994575104	7991	530	5000	17760000	44
20221014 195159	binary	custom	TRUE	TRUE	FALSE	-100	-1	0	0	0	31	143	TRUE	273107	0.0642821566272298	0.984850537543015	4416	192	5005	18070000	45
20221014 195609	binary	custom	TRUE	TRUE	FALSE	-100	-1	0	0	0	31	1011	TRUE	273107	0.00825885429345065	0.783012492495208	2713	185	5003	17920000	46
20221014 195637	binary	custom	TRUE	TRUE	FALSE	-100	-1	0	0	0	31	67	TRUE	273107	0.194056757589906	0.414683118859263	5125	516	5000	17040000	47
20221014 201500	binary	custom	TRUE	TRUE	FALSE	-100	-1	0	0	0	31	2464	TRUE	273107	0.00520147921571294	0.329083720392324	5	553	5007	18310000	48
20221014 203831	binary	custom	TRUE	TRUE	FALSE	-100	-1	0	0	0	31	2464	TRUE	273107	0.00515620332388944	0.501834040911735	11	712	5013	18060000	49
20221014 203849	binary	custom	TRUE	TRUE	FALSE	-100	-1	0	0	0	31	47	TRUE	273107	0.265849255720841	0.977697748466448	7986	921	5006	17190000	50
20221014 204745	binary	custom	TRUE	TRUE	FALSE	-100	-1	0	0	0	31	1818	TRUE	273107	0.00581267507203242	0.410464015021956	2490	520	5007	18230000	51
20221014 205332	binary	custom	TRUE	TRUE	FALSE	-100	-1	0	0	0	31	577	TRUE	273107	0.00517344699111433	0.984300353877125	935	676	5003	17920000	52
20221014 211325	binary	custom	TRUE	TRUE	FALSE	-100	-1	0	0	0	31	1905	TRUE	273107	0.00509843795181629	0.792401368716368	4	528	5027	17630000	53
20221014 211932	binary	custom	TRUE	TRUE	FALSE	-100	-1	0	0	0	31	637	TRUE	273107	0.00512242444584036	0.200422927813291	471	972	5000	18320000	54
20221014 212443	binary	custom	TRUE	TRUE	FALSE	-100	-1	0	0	0	31	544	TRUE	273107	0.00534390049829937	0.201922835719299	572	663	5008	18310000	55
20221014 213057	binary	custom	TRUE	TRUE	FALSE	-100	-1	0	0	0	31	554	TRUE	273107	0.00543948992310451	0.362785207920637	631	887	5002	18160000	56
20221014 213705	binary	custom	TRUE	TRUE	FALSE	-100	-1	0	0	0	31	971	TRUE	273107	0.00892822790970274	0.245224560818498	2	188	5005	18310000	57
20221014 215815	binary	custom	TRUE	TRUE	FALSE	-100	-1	0	0	0	31	2412	TRUE	273107	0.00516964156491952	0.284292278143997	9	1024	5109	18270000	58
20221014 220212	binary	custom	TRUE	TRUE	FALSE	-100	-1	0	0	0	31	401	TRUE	273107	0.0208746007952298	0.200316311344049	4	891	5000	18160000	59
20221014 220739	binary	custom	TRUE	TRUE	FALSE	-100	-1	0	0	0	31	466	TRUE	273107	0.00542792231259778	0.201738707314694	373	530	5002	18320000	60
20221014 221600	binary	custom	TRUE	TRUE	FALSE	-100	-1	0	0	0	31	655	TRUE	273107	0.00500413185382726	0.257718954545163	248	594	5665	18110000	61
20221014 221625	binary	custom	TRUE	TRUE	FALSE	-100	-1	0	0	0	31	52	TRUE	273107	0.150952668614205	0.251650337385878	7995	774	5006	17030000	62
20221014 221707	binary	custom	TRUE	TRUE	FALSE	-100	-1	0	0	0	31	145	TRUE	273107	0.0501961267687715	0.885062544265727	4293	515	5035	17850000	63
20221014 221751	binary	custom	TRUE	TRUE	FALSE	-100	-1	0	0	0	31	85	TRUE	273107	0.0999108788381528	0.999955890005752	976	230	5007	17830000	64
20221014 221930	binary	custom	TRUE	TRUE	FALSE	-100	-1	0	0	0	31	138	TRUE	273107	0.0254815265311001	0.59517896439801	926	218	5002	17840000	65
20221014 222150	binary	custom	TRUE	TRUE	FALSE	-100	-1	0	0	0	31	438	TRUE	273107	0.0109156042356826	0.200026336081175	4602	187	5001	17680000	66
20221014 222912	binary	custom	TRUE	TRUE	FALSE	-100	-1	0	0	0	31	535	TRUE	273107	0.0141962435214047	0.456033037238941	3	1005	5000	17600000	67
20221014 223619	binary	custom	TRUE	TRUE	FALSE	-100	-1	0	0	0	31	1114	TRUE	273107	0.00500367208641351	0.271092534611755	969	480	5003	18320000	68
20221014 223711	binary	custom	TRUE	TRUE	FALSE	-100	-1	0	0	0	31	167	TRUE	273107	0.0708476420580336	0.243201074329018	17	65	5003	16880000	69
20221014 224339	binary	custom	TRUE	TRUE	FALSE	-100	-1	0	0	0	31	541	TRUE	273107	0.00516374676689877	0.261461910232565	104	256	5001	18240000	70
